1,1,20.5,113.1,70.15,100.36000000000001,1,-1,-1,-1
1,2,456.97,29.46,77.23000000000002,117.94,1,-1,-1,-1
1,3,207.15,75.77,72.97999999999999,103.13000000000001,1,-1,-1,-1
2,1,26.43,113.83,70.49000000000001,100.19000000000001,1,-1,-1,-1
2,2,458.17,29.6,76.24999999999994,117.31,1,-1,-1,-1
2,3,210.72,73.88,73.69000000000003,104.18,1,-1,-1,-1
3,1,32.36,114.57,70.82000000000001,100.0,1,-1,-1,-1
3,2,459.36,29.74,75.26999999999998,116.67,1,-1,-1,-1
3,3,214.3,71.98,74.38999999999999,105.24999999999999,1,-1,-1,-1
4,1,38.29,115.3,71.15,99.82000000000001,1,-1,-1,-1
4,2,460.55,29.88,74.30000000000001,116.03999999999999,1,-1,-1,-1
4,3,217.88,70.09,75.10000000000002,106.29999999999998,1,-1,-1,-1
5,1,44.22,116.03,71.49,99.63999999999999,1,-1,-1,-1
5,2,461.75,30.02,73.30999999999995,115.39999999999999,1,-1,-1,-1
5,3,221.46,68.19,75.79999999999998,107.36000000000001,1,-1,-1,-1
6,1,50.15,116.77,71.82,99.46,1,-1,-1,-1
6,2,462.94,30.16,72.33999999999997,114.77000000000001,1,-1,-1,-1
6,3,225.04,66.3,76.50000000000003,108.42,1,-1,-1,-1
7,1,59.17,118.76,70.74999999999999,98.71999999999998,1,-1,-1,-1
7,2,459.78,33.53,71.77999999999997,113.71000000000001,1,-1,-1,-1
7,3,232.08,64.08,77.19999999999996,109.75000000000001,1,-1,-1,-1
8,1,68.19,120.76,69.67000000000002,97.98,1,-1,-1,-1
8,2,456.62,36.9,71.22000000000003,112.66,1,-1,-1,-1
8,3,239.12,61.86,77.90999999999997,111.08,1,-1,-1,-1
9,1,77.21,122.75,68.60000000000001,97.24000000000001,1,-1,-1,-1
9,2,453.46,40.27,70.67000000000002,111.6,1,-1,-1,-1
9,3,246.16,59.63,78.60999999999999,112.42000000000002,1,-1,-1,-1
10,1,86.23,124.75,67.52999999999999,96.5,1,-1,-1,-1
10,2,450.31,43.64,70.09999999999997,110.54,1,-1,-1,-1
10,3,254.37,56.83,79.32,113.74,1,-1,-1,-1
11,1,95.26,126.74,66.45,95.76,1,-1,-1,-1
11,2,447.15,47.0,69.54000000000008,109.5,1,-1,-1,-1
11,3,262.59,54.02,80.01000000000005,115.07999999999998,1,-1,-1,-1
12,1,103.67,127.22,65.83999999999999,95.31,1,-1,-1,-1
12,2,442.51,50.51,69.36000000000001,108.71000000000001,1,-1,-1,-1
12,3,274.28,51.18,80.02000000000004,116.62,1,-1,-1,-1
13,1,112.09,127.69,65.22,94.86000000000001,1,-1,-1,-1
13,2,437.87,54.02,69.18,107.92999999999998,1,-1,-1,-1
13,3,285.98,48.35,80.00999999999999,118.15,1,-1,-1,-1
14,1,120.51,128.16,64.61,94.42000000000002,1,-1,-1,-1
14,2,433.23,57.53,68.99000000000001,107.13999999999999,1,-1,-1,-1
14,3,297.67,45.51,80.01999999999998,119.69,1,-1,-1,-1
15,1,128.93,128.63,63.98999999999998,93.97,1,-1,-1,-1
15,2,428.59,61.04,68.81,106.36000000000001,1,-1,-1,-1
15,3,310.31,47.35,80.00999999999999,117.55000000000001,1,-1,-1,-1
16,1,135.13,128.7,63.370000000000005,93.52000000000001,1,-1,-1,-1
16,2,426.56,62.62,66.37,104.85999999999999,1,-1,-1,-1
16,3,322.59,46.39,80.01000000000005,119.21,1,-1,-1,-1
17,1,141.32,128.76,62.76000000000002,93.08000000000001,1,-1,-1,-1
17,2,424.54,64.2,63.90999999999997,103.35000000000001,1,-1,-1,-1
17,3,334.87,45.42,80.00999999999999,120.88000000000001,1,-1,-1,-1
18,1,147.52,128.82,62.139999999999986,92.63,1,-1,-1,-1
18,2,422.51,65.78,61.47000000000003,101.85,1,-1,-1,-1
18,3,347.15,44.46,80.01000000000005,120.44,1,-1,-1,-1
19,1,153.71,128.89,61.53,92.18,1,-1,-1,-1
19,3,359.43,43.49,80.00999999999999,120.00999999999999,1,-1,-1,-1
20,1,159.91,128.95,60.91,91.73000000000002,1,-1,-1,-1
20,3,370.31,41.62,80.70999999999998,120.71000000000001,1,-1,-1,-1
21,1,166.1,129.01,60.30000000000001,91.29000000000002,1,-1,-1,-1
21,3,381.18,39.75,81.42000000000002,121.41,1,-1,-1,-1
22,1,169.28,129.46,59.81,90.20999999999998,1,-1,-1,-1
22,3,392.06,37.88,82.11000000000001,122.11000000000001,1,-1,-1,-1
23,1,172.45,129.91,59.33000000000001,89.12,1,-1,-1,-1
23,3,402.94,36.01,82.81,122.82000000000002,1,-1,-1,-1
24,1,175.62,130.36,58.849999999999994,88.03999999999999,1,-1,-1,-1
24,3,413.82,34.14,83.50999999999999,123.52,1,-1,-1,-1
25,1,178.8,130.81,58.359999999999985,87.63999999999999,1,-1,-1,-1
25,3,424.69,32.26,84.20999999999998,124.23000000000002,1,-1,-1,-1
26,1,181.97,131.26,57.870000000000005,87.24000000000001,1,-1,-1,-1
26,3,435.22,31.81,84.22000000000003,125.15,1,-1,-1,-1
27,1,185.14,131.71,57.390000000000015,86.84,1,-1,-1,-1
27,3,445.75,31.35,84.22000000000003,126.07,1,-1,-1,-1
28,1,188.31,132.16,56.91,86.44,1,-1,-1,-1
28,2,407.85,81.39,59.01999999999998,100.35000000000001,1,-1,-1,-1
28,3,456.27,30.9,84.23000000000002,126.98999999999998,1,-1,-1,-1
29,1,191.49,132.61,56.41999999999999,86.03999999999999,1,-1,-1,-1
29,2,409.49,83.03,58.89999999999998,98.82,1,-1,-1,-1
29,3,468.55,29.15,85.30000000000001,127.35,1,-1,-1,-1
30,1,194.66,133.06,55.94,85.63999999999999,1,-1,-1,-1
30,2,411.12,84.66,58.79000000000002,97.30000000000001,1,-1,-1,-1
30,3,480.84,27.39,86.36000000000007,127.71,1,-1,-1,-1
31,1,195.87,132.95,56.47,86.20000000000002,1,-1,-1,-1
31,2,412.76,86.3,58.670000000000016,95.77,1,-1,-1,-1
31,3,493.82,28.44,86.35999999999996,128.41,1,-1,-1,-1
32,1,197.08,132.84,57.0,86.75,1,-1,-1,-1
32,2,414.4,87.94,58.56,94.24000000000001,1,-1,-1,-1
32,3,506.8,29.5,86.34999999999997,129.1,1,-1,-1,-1
33,1,198.28,132.73,57.55000000000001,87.31,1,-1,-1,-1
33,2,416.04,89.58,58.44,92.71,1,-1,-1,-1
33,3,519.78,30.55,86.35000000000002,129.79999999999998,1,-1,-1,-1
34,1,199.49,132.61,58.079999999999984,87.86999999999998,1,-1,-1,-1
34,2,417.67,91.21,58.329999999999984,91.19000000000001,1,-1,-1,-1
34,3,532.77,31.6,86.33000000000004,130.5,1,-1,-1,-1
35,1,200.7,132.5,58.610000000000014,88.43,1,-1,-1,-1
35,2,416.53,92.0,58.33000000000004,91.19,1,-1,-1,-1
35,3,546.8,29.5,81.40000000000009,131.2,1,-1,-1,-1
36,1,203.97,132.98,57.03,84.02000000000001,1,-1,-1,-1
36,2,415.39,92.79,58.33000000000004,91.18999999999998,1,-1,-1,-1
36,3,561.54,31.6,81.40000000000009,131.21,1,-1,-1,-1
37,1,206.19,132.29,57.579999999999984,84.62,1,-1,-1,-1
37,2,414.25,93.58,58.329999999999984,91.19000000000001,1,-1,-1,-1
37,3,570.08,31.25,81.38999999999999,131.2,1,-1,-1,-1
38,1,208.4,131.59,58.140000000000015,85.24000000000001,1,-1,-1,-1
38,2,413.11,94.37,58.329999999999984,91.19,1,-1,-1,-1
38,3,578.61,30.9,81.39999999999998,131.2,1,-1,-1,-1
39,1,210.62,130.9,58.69,85.84,1,-1,-1,-1
39,2,411.97,95.16,58.329999999999984,91.19,1,-1,-1,-1
39,3,587.15,30.55,81.39999999999998,131.2,1,-1,-1,-1
40,1,212.84,130.21,59.23999999999998,86.44,1,-1,-1,-1
40,2,410.83,95.95,58.33000000000004,91.18999999999998,1,-1,-1,-1
40,3,595.69,30.2,81.39999999999998,131.20000000000002,1,-1,-1,-1
41,1,215.05,129.52,59.80000000000001,87.04999999999998,1,-1,-1,-1
41,2,409.69,96.74,58.329999999999984,91.19000000000001,1,-1,-1,-1
41,3,604.23,29.85,81.39999999999998,131.20000000000002,1,-1,-1,-1
42,1,217.27,128.83,60.359999999999985,87.64999999999998,1,-1,-1,-1
42,2,408.55,97.53,58.329999999999984,91.19,1,-1,-1,-1
42,3,612.77,29.5,81.38999999999999,131.2,1,-1,-1,-1
43,1,216.63,129.38,60.910000000000025,88.25999999999999,1,-1,-1,-1
43,2,404.11,98.0,58.089999999999975,88.56,1,-1,-1,-1
43,3,617.76,29.2,80.23000000000002,129.32000000000002,1,-1,-1,-1
44,1,215.99,129.93,61.45999999999998,88.87,1,-1,-1,-1
44,2,399.66,98.47,57.86999999999995,85.94,1,-1,-1,-1
44,3,622.75,28.9,79.05999999999995,127.43,1,-1,-1,-1
45,1,215.35,130.48,62.02000000000001,89.47,1,-1,-1,-1
45,2,395.22,98.93,57.629999999999995,83.32,1,-1,-1,-1
45,3,627.74,28.6,77.88999999999999,125.55000000000001,1,-1,-1,-1
46,1,216.46,130.68,62.58000000000001,90.07999999999998,1,-1,-1,-1
46,2,390.77,99.4,57.410000000000025,80.69999999999999,1,-1,-1,-1
46,3,627.81,30.39,76.74000000000001,124.74,1,-1,-1,-1
47,1,217.57,130.88,63.129999999999995,90.68,1,-1,-1,-1
47,2,386.33,99.87,57.170000000000016,82.50999999999999,1,-1,-1,-1
47,3,627.89,32.17,75.57000000000005,123.92999999999999,1,-1,-1,-1
48,1,218.69,131.08,63.68000000000001,91.28999999999999,1,-1,-1,-1
48,2,381.88,100.34,56.94999999999999,84.32,1,-1,-1,-1
48,3,627.97,33.96,74.39999999999998,123.12,1,-1,-1,-1
49,1,219.8,131.28,64.24000000000001,91.9,1,-1,-1,-1
49,2,377.44,100.81,56.70999999999998,86.13,1,-1,-1,-1
49,3,628.05,35.75,73.23000000000002,122.30000000000001,1,-1,-1,-1
50,1,220.91,131.48,64.79999999999998,92.5,1,-1,-1,-1
50,2,373.0,101.27,56.48000000000002,87.95,1,-1,-1,-1
50,3,628.13,37.53,72.06000000000006,121.5,1,-1,-1,-1
51,1,222.03,131.68,65.34,93.10999999999999,1,-1,-1,-1
51,2,368.55,101.74,56.25,89.76,1,-1,-1,-1
51,3,628.21,39.32,70.88999999999999,120.68,1,-1,-1,-1
52,1,223.32,133.07,65.90000000000003,93.72,1,-1,-1,-1
52,2,361.65,103.38,56.25,89.75999999999999,1,-1,-1,-1
52,3,624.93,40.72,70.8900000000001,120.68,1,-1,-1,-1
53,1,224.61,134.47,66.44999999999999,94.32,1,-1,-1,-1
53,2,354.75,105.02,56.25,89.76,1,-1,-1,-1
53,3,621.65,42.13,70.89999999999998,120.68,1,-1,-1,-1
54,1,225.9,135.86,67.01000000000002,94.92999999999998,1,-1,-1,-1
54,2,347.85,106.65,56.25,89.75999999999999,1,-1,-1,-1
54,3,618.38,43.53,70.88999999999999,120.68,1,-1,-1,-1
55,1,227.19,137.26,67.56,95.53,1,-1,-1,-1
55,2,340.95,108.29,56.25,89.76,1,-1,-1,-1
55,3,615.1,44.93,70.89999999999998,120.68,1,-1,-1,-1
56,1,228.48,138.65,68.12000000000003,96.13999999999999,1,-1,-1,-1
56,2,334.05,109.93,56.25,89.75999999999999,1,-1,-1,-1
56,3,611.83,46.34,70.88999999999999,120.68,1,-1,-1,-1
57,1,229.77,140.05,68.66999999999999,96.73999999999998,1,-1,-1,-1
57,2,327.15,111.57,56.25,89.76000000000002,1,-1,-1,-1
57,3,608.55,47.74,70.90000000000009,120.67999999999998,1,-1,-1,-1
58,1,231.12,138.53,69.23000000000002,97.35,1,-1,-1,-1
58,2,322.51,111.29,56.25,89.74999999999999,1,-1,-1,-1
58,3,605.98,48.33,70.53999999999996,119.50000000000001,1,-1,-1,-1
59,1,232.47,137.02,69.78,97.95999999999998,1,-1,-1,-1
59,2,317.88,111.01,56.25,89.74999999999999,1,-1,-1,-1
59,3,603.41,48.91,70.19000000000005,118.34,1,-1,-1,-1
60,1,236.33,138.51,72.78999999999999,96.46000000000001,1,-1,-1,-1
60,2,313.25,110.72,56.25,89.75999999999999,1,-1,-1,-1
60,3,600.84,49.5,69.82999999999993,117.16,1,-1,-1,-1
61,1,240.2,140.0,75.78000000000003,94.97,1,-1,-1,-1
61,2,308.62,110.44,56.25,89.75999999999999,1,-1,-1,-1
61,3,598.26,50.08,69.49000000000001,115.99,1,-1,-1,-1
62,1,247.49,138.55,75.36000000000001,96.41,1,-1,-1,-1
62,2,303.99,110.16,56.25,89.75999999999999,1,-1,-1,-1
62,3,595.69,50.67,69.13,114.82000000000001,1,-1,-1,-1
63,1,254.78,137.1,74.92999999999998,97.86000000000001,1,-1,-1,-1
63,3,593.12,51.25,68.77999999999997,113.65,1,-1,-1,-1
64,1,262.07,135.65,74.50999999999999,99.29999999999998,1,-1,-1,-1
64,3,593.12,52.46,68.77999999999997,112.44,1,-1,-1,-1
65,1,269.36,134.2,74.07999999999998,100.75,1,-1,-1,-1
65,3,593.12,53.66,68.77999999999997,111.24000000000001,1,-1,-1,-1
66,1,276.65,132.74,73.66000000000003,102.19999999999999,1,-1,-1,-1
66,3,593.12,54.87,68.77999999999997,110.03,1,-1,-1,-1
67,1,285.65,132.72,74.22000000000003,102.81,1,-1,-1,-1
67,3,593.12,56.08,68.77999999999997,108.82000000000001,1,-1,-1,-1
68,1,294.66,132.71,74.76999999999998,103.41,1,-1,-1,-1
68,3,593.12,57.29,68.77999999999997,107.61000000000001,1,-1,-1,-1
69,1,303.67,132.69,75.32999999999998,104.00999999999999,1,-1,-1,-1
69,3,593.12,58.49,68.77999999999997,106.41,1,-1,-1,-1
70,1,307.06,133.4,80.79000000000002,107.1,1,-1,-1,-1
70,2,266.37,120.97,56.25,89.75999999999999,1,-1,-1,-1
70,3,593.12,59.7,68.77999999999997,105.2,1,-1,-1,-1
71,1,310.45,134.11,86.25,110.19,1,-1,-1,-1
71,2,259.78,121.39,56.25,89.76,1,-1,-1,-1
71,3,588.9,61.1,71.25,106.6,1,-1,-1,-1
72,1,318.27,138.8,83.40000000000003,112.35,1,-1,-1,-1
72,2,254.16,119.75,56.25000000000003,89.75999999999999,1,-1,-1,-1
72,3,590.31,62.5,68.09000000000003,104.27000000000001,1,-1,-1,-1
73,1,326.1,143.49,80.52999999999997,114.50999999999999,1,-1,-1,-1
73,2,248.55,118.12,56.25,89.75999999999999,1,-1,-1,-1
73,3,591.71,63.9,64.93999999999994,101.93,1,-1,-1,-1
74,1,329.0,148.18,82.60000000000002,118.12,1,-1,-1,-1
74,2,242.94,116.48,56.25,89.76,1,-1,-1,-1
74,3,593.12,65.3,61.77999999999997,99.60000000000001,1,-1,-1,-1
75,1,331.81,155.26,83.21999999999997,118.61000000000001,1,-1,-1,-1
75,2,237.71,116.01,56.24999999999997,89.76,1,-1,-1,-1
75,3,591.25,65.3,62.01999999999998,99.83,1,-1,-1,-1
76,1,334.63,162.33,83.82999999999998,119.10999999999999,1,-1,-1,-1
76,2,232.49,115.54,56.25,89.76,1,-1,-1,-1
76,3,589.37,65.3,62.25999999999999,100.07000000000001,1,-1,-1,-1
77,1,337.44,169.4,84.44,119.60999999999999,1,-1,-1,-1
77,2,227.26,115.08,56.25,89.76,1,-1,-1,-1
77,3,587.5,65.3,62.5,100.3,1,-1,-1,-1
78,1,340.26,176.48,85.05000000000001,120.1,1,-1,-1,-1
78,2,222.04,114.61,56.25000000000003,89.76,1,-1,-1,-1
78,3,585.63,65.3,62.74000000000001,100.53000000000002,1,-1,-1,-1
79,1,343.07,183.55,85.67000000000002,120.59999999999997,1,-1,-1,-1
79,2,216.82,114.14,56.24000000000001,89.76,1,-1,-1,-1
79,3,583.76,65.3,62.97000000000003,100.77,1,-1,-1,-1
80,1,345.89,190.62,86.28000000000003,121.10000000000002,1,-1,-1,-1
80,2,211.59,113.67,56.24999999999997,89.76,1,-1,-1,-1
80,3,581.89,65.3,63.210000000000036,101.00000000000001,1,-1,-1,-1
81,1,348.7,197.7,86.88999999999999,121.59000000000003,1,-1,-1,-1
81,2,206.37,113.21,56.25,89.75000000000001,1,-1,-1,-1
81,3,577.91,67.17,63.210000000000036,100.99999999999999,1,-1,-1,-1
82,1,351.52,204.77,87.5,122.09,1,-1,-1,-1
82,2,201.14,112.74,56.25,89.76,1,-1,-1,-1
82,3,573.94,69.04,63.20999999999992,100.99999999999999,1,-1,-1,-1
83,1,354.33,211.85,88.12,122.58000000000001,1,-1,-1,-1
83,2,195.92,112.27,56.25,89.76,1,-1,-1,-1
83,3,569.96,70.91,63.20999999999992,101.0,1,-1,-1,-1
84,1,350.65,215.49,88.58000000000004,123.00999999999999,1,-1,-1,-1
84,2,189.95,112.62,56.25,89.75999999999999,1,-1,-1,-1
84,3,564.7,70.91,63.20999999999992,101.0,1,-1,-1,-1
85,1,347.37,221.44,89.04000000000002,123.43,1,-1,-1,-1
85,2,183.99,112.97,56.25,89.75999999999999,1,-1,-1,-1
85,3,559.43,70.91,63.210000000000036,101.0,1,-1,-1,-1
86,1,344.1,227.39,89.5,123.84000000000003,1,-1,-1,-1
86,2,176.44,113.85,56.25,89.76000000000002,1,-1,-1,-1
86,3,553.58,73.72,63.20999999999992,101.0,1,-1,-1,-1
87,1,340.82,233.34,89.97000000000003,124.26000000000002,1,-1,-1,-1
87,2,168.9,114.73,56.25,89.74999999999999,1,-1,-1,-1
87,3,547.74,76.53,63.210000000000036,101.0,1,-1,-1,-1
88,1,337.55,239.29,90.42000000000002,124.68000000000004,1,-1,-1,-1
88,2,161.36,115.6,56.25,89.76000000000002,1,-1,-1,-1
88,3,541.89,79.34,63.210000000000036,101.0,1,-1,-1,-1
89,1,334.27,245.24,90.89000000000004,125.09999999999997,1,-1,-1,-1
89,2,153.81,116.48,56.25,89.76,1,-1,-1,-1
89,3,535.57,77.93,63.20999999999992,101.0,1,-1,-1,-1
90,1,326.16,248.11,92.57999999999998,126.91999999999996,1,-1,-1,-1
90,2,145.74,114.73,56.25,89.74999999999999,1,-1,-1,-1
90,3,529.08,80.39,63.20999999999992,100.99999999999999,1,-1,-1,-1
91,1,318.04,250.99,94.28999999999996,128.73000000000002,1,-1,-1,-1
91,2,137.67,112.97,56.25,89.75999999999999,1,-1,-1,-1
91,3,522.59,82.84,63.20999999999992,101.0,1,-1,-1,-1
92,1,309.92,253.86,95.99000000000001,130.55,1,-1,-1,-1
92,2,129.6,111.22,56.25,89.75999999999999,1,-1,-1,-1
92,3,516.1,85.3,63.20999999999992,101.00000000000001,1,-1,-1,-1
93,1,301.81,256.74,97.69,132.36,1,-1,-1,-1
93,2,121.53,109.46,56.25,89.76,1,-1,-1,-1
93,3,509.6,87.76,63.20999999999992,100.99999999999999,1,-1,-1,-1
94,1,295.66,259.77,98.03999999999996,132.65000000000003,1,-1,-1,-1
94,2,115.38,108.56,56.80000000000001,90.03999999999999,1,-1,-1,-1
94,3,504.67,87.2,63.20999999999998,100.99999999999999,1,-1,-1,-1
95,1,289.51,262.8,98.38999999999999,132.94,1,-1,-1,-1
95,2,109.22,107.66,57.370000000000005,90.31,1,-1,-1,-1
95,3,499.74,86.63,63.210000000000036,101.0,1,-1,-1,-1
96,1,283.36,265.82,98.74000000000001,133.24,1,-1,-1,-1
96,2,103.06,106.76,57.93000000000001,90.58999999999999,1,-1,-1,-1
96,3,494.81,86.07,63.20999999999998,101.0,1,-1,-1,-1
97,1,283.36,267.21,99.07999999999998,133.53000000000003,1,-1,-1,-1
97,2,96.91,105.85,58.49000000000001,90.87,1,-1,-1,-1
97,3,489.87,85.51,63.210000000000036,100.99999999999999,1,-1,-1,-1
98,1,283.35,268.61,99.42999999999995,133.82,1,-1,-1,-1
98,2,90.75,104.95,59.05000000000001,91.14999999999999,1,-1,-1,-1
98,3,484.94,84.95,63.20999999999998,100.99999999999999,1,-1,-1,-1
99,1,283.34,270.0,99.78000000000003,134.11,1,-1,-1,-1
99,2,87.55,104.05,57.64,90.45,1,-1,-1,-1
99,3,483.94,86.35,63.20999999999998,101.0,1,-1,-1,-1
100,1,283.33,271.39,100.14000000000004,134.40000000000003,1,-1,-1,-1
100,2,84.34,103.15,56.25,89.75999999999999,1,-1,-1,-1
100,3,482.94,87.76,63.20999999999998,100.99999999999999,1,-1,-1,-1
101,1,291.42,267.4,100.47999999999996,134.70000000000005,1,-1,-1,-1
101,2,80.9,102.66,58.120000000000005,90.81,1,-1,-1,-1
101,3,483.08,88.67,60.420000000000016,97.52999999999999,1,-1,-1,-1
102,1,299.51,263.42,100.82999999999998,134.99,1,-1,-1,-1
102,2,77.46,102.16,60.000000000000014,91.88,1,-1,-1,-1
102,3,482.66,90.43,60.72999999999996,97.13,1,-1,-1,-1
103,1,307.6,259.44,101.17999999999995,135.28000000000003,1,-1,-1,-1
103,2,74.02,101.67,61.86999999999999,92.92999999999999,1,-1,-1,-1
103,3,482.23,92.18,61.049999999999955,96.73999999999998,1,-1,-1,-1
104,1,315.69,255.46,101.53000000000003,135.56999999999996,1,-1,-1,-1
104,2,70.58,101.18,63.750000000000014,93.98999999999998,1,-1,-1,-1
104,3,481.81,93.94,61.35999999999996,96.34,1,-1,-1,-1
105,1,323.78,251.48,101.87,135.85999999999999,1,-1,-1,-1
105,2,67.14,100.69,65.61999999999999,95.03999999999999,1,-1,-1,-1
105,3,481.39,95.7,61.65999999999997,95.93999999999998,1,-1,-1,-1
106,1,331.87,247.49,102.21999999999997,136.15999999999997,1,-1,-1,-1
106,2,63.71,100.2,67.48999999999998,96.10000000000001,1,-1,-1,-1
106,3,480.97,97.45,61.97000000000003,95.55,1,-1,-1,-1
107,1,346.68,240.0,102.57999999999998,136.45,1,-1,-1,-1
107,2,64.65,100.58,64.69,94.52,1,-1,-1,-1
107,3,481.81,97.31,62.28000000000003,95.16,1,-1,-1,-1
108,1,361.5,232.51,102.92000000000002,136.75,1,-1,-1,-1
108,2,65.6,100.97,61.870000000000005,92.93,1,-1,-1,-1
108,3,482.65,97.18,62.60000000000002,94.75,1,-1,-1,-1
109,1,376.31,225.02,103.26999999999998,137.04,1,-1,-1,-1
109,2,66.55,101.36,59.06,91.33999999999999,1,-1,-1,-1
109,3,483.5,97.04,62.89999999999998,94.36,1,-1,-1,-1
110,1,391.13,217.53,103.62,137.33,1,-1,-1,-1
110,2,67.5,101.74,56.239999999999995,89.76,1,-1,-1,-1
110,3,484.34,96.9,63.20999999999998,93.96000000000001,1,-1,-1,-1
111,1,407.51,214.08,103.97000000000003,137.61999999999998,1,-1,-1,-1
111,2,66.69,100.96,58.25,92.08,1,-1,-1,-1
111,3,482.58,97.95,63.20999999999998,93.33,1,-1,-1,-1
112,1,423.9,210.63,104.31000000000006,137.91000000000003,1,-1,-1,-1
112,2,65.89,100.17,60.239999999999995,94.42,1,-1,-1,-1
112,3,480.83,99.0,63.20999999999998,92.69999999999999,1,-1,-1,-1
113,1,440.28,207.18,104.67000000000007,138.2,1,-1,-1,-1
113,2,65.09,99.39,62.239999999999995,96.74,1,-1,-1,-1
113,3,479.07,100.05,63.21999999999997,92.08,1,-1,-1,-1
114,1,456.67,203.72,105.00999999999993,138.50000000000003,1,-1,-1,-1
114,2,64.29,98.6,64.23,99.07,1,-1,-1,-1
114,3,477.32,101.1,63.20999999999998,91.45000000000002,1,-1,-1,-1
115,1,473.06,200.27,105.35999999999996,138.79,1,-1,-1,-1
115,2,63.49,97.82,66.22,101.39000000000001,1,-1,-1,-1
115,3,475.57,102.15,63.20999999999998,90.82,1,-1,-1,-1
116,1,487.48,198.0,105.71000000000004,139.07999999999998,1,-1,-1,-1
116,2,62.68,97.03,68.22999999999999,103.72999999999999,1,-1,-1,-1
116,3,473.81,103.2,63.20999999999998,90.18999999999998,1,-1,-1,-1
117,1,501.91,195.73,106.06,139.37000000000003,1,-1,-1,-1
117,2,61.88,96.24,70.22,106.06000000000002,1,-1,-1,-1
117,3,472.06,104.25,63.20999999999998,89.56,1,-1,-1,-1
118,1,516.34,193.46,106.40999999999997,139.66,1,-1,-1,-1
118,2,63.75,97.13,69.55000000000001,104.37,1,-1,-1,-1
118,3,470.3,105.3,63.20999999999998,88.92999999999999,1,-1,-1,-1
119,1,530.77,191.19,106.75,139.95999999999998,1,-1,-1,-1
119,2,65.62,98.01,68.88,102.68999999999998,1,-1,-1,-1
119,3,468.55,106.35,63.20999999999998,88.30000000000001,1,-1,-1,-1
120,1,545.19,188.92,107.1099999999999,140.25000000000003,1,-1,-1,-1
120,2,67.5,98.9,68.19999999999999,101.0,1,-1,-1,-1
120,3,466.79,107.4,63.20999999999998,87.66999999999999,1,-1,-1,-1
121,1,557.5,190.57,107.45000000000005,140.54000000000002,1,-1,-1,-1
121,2,65.04,98.55,70.55,104.2,1,-1,-1,-1
121,3,460.03,112.5,62.50999999999999,85.57,1,-1,-1,-1
122,1,569.8,192.22,107.80000000000007,140.83,1,-1,-1,-1
122,2,62.58,98.2,72.91000000000001,107.39999999999999,1,-1,-1,-1
122,3,453.27,117.61,61.80000000000007,83.46,1,-1,-1,-1
123,1,575.74,191.86,108.14999999999998,141.12,1,-1,-1,-1
123,2,63.13,98.28,73.55000000000001,108.47,1,-1,-1,-1
123,3,443.92,119.27,60.95999999999998,83.64,1,-1,-1,-1
124,1,581.68,191.49,108.5,141.42000000000002,1,-1,-1,-1
124,2,63.68,98.35,74.19,109.56,1,-1,-1,-1
124,3,434.57,120.93,60.110000000000014,83.82,1,-1,-1,-1
125,1,587.62,191.13,108.84000000000003,141.70999999999998,1,-1,-1,-1
125,2,64.22,98.43,74.84,110.63999999999999,1,-1,-1,-1
125,3,425.21,122.59,59.28000000000003,84.00999999999999,1,-1,-1,-1
126,1,593.56,190.77,109.19000000000005,141.99999999999997,1,-1,-1,-1
126,2,64.77,98.51,75.48,111.71,1,-1,-1,-1
126,3,415.86,124.25,58.43000000000001,84.19,1,-1,-1,-1
127,1,599.5,190.41,109.53999999999996,142.29999999999998,1,-1,-1,-1
127,2,65.31,98.59,76.13,112.78999999999999,1,-1,-1,-1
127,3,406.51,125.91,57.59000000000003,84.37,1,-1,-1,-1
128,1,596.59,188.78,109.89999999999998,142.59,1,-1,-1,-1
128,2,65.86,98.67,76.77,113.86,1,-1,-1,-1
128,3,395.26,125.67,57.06,85.19000000000001,1,-1,-1,-1
129,1,593.69,187.16,110.2399999999999,142.88000000000002,1,-1,-1,-1
129,2,66.4,98.74,77.41999999999999,114.95,1,-1,-1,-1
129,3,384.02,125.43,56.53000000000003,86.00999999999999,1,-1,-1,-1
130,1,590.79,185.53,110.59000000000003,143.17999999999998,1,-1,-1,-1
130,2,66.95,98.82,78.05999999999999,116.02000000000001,1,-1,-1,-1
130,3,372.77,125.19,56.0,86.83000000000001,1,-1,-1,-1
131,1,587.89,183.91,110.94000000000005,143.47,1,-1,-1,-1
131,2,67.5,98.9,78.69999999999999,117.1,1,-1,-1,-1
131,3,361.53,124.95,55.47000000000003,87.64999999999999,1,-1,-1,-1
132,1,578.93,183.46,111.29000000000008,143.74999999999997,1,-1,-1,-1
132,2,67.5,98.9,78.86000000000001,117.48999999999998,1,-1,-1,-1
132,3,350.3,129.16,55.5,80.64000000000001,1,-1,-1,-1
133,1,569.98,183.0,111.63999999999999,144.05,1,-1,-1,-1
133,2,67.5,98.9,79.00999999999999,117.88,1,-1,-1,-1
133,3,341.44,128.98,55.5,80.64000000000001,1,-1,-1,-1
134,1,561.03,182.55,111.98000000000002,144.33999999999997,1,-1,-1,-1
134,2,67.5,98.9,79.16999999999999,118.26999999999998,1,-1,-1,-1
134,3,332.58,128.81,55.5,80.63999999999999,1,-1,-1,-1
135,1,552.08,182.09,112.32999999999993,144.64000000000001,1,-1,-1,-1
135,2,67.5,98.9,79.32,118.66,1,-1,-1,-1
135,3,323.72,128.63,55.5,80.64000000000001,1,-1,-1,-1
136,1,543.12,181.64,112.67999999999995,144.92000000000002,1,-1,-1,-1
136,2,67.5,98.9,79.47999999999999,119.03999999999999,1,-1,-1,-1
136,3,314.86,128.45,55.5,80.65,1,-1,-1,-1
137,1,534.17,181.18,113.03000000000009,145.21999999999997,1,-1,-1,-1
137,2,67.5,98.9,79.63,119.43,1,-1,-1,-1
137,3,306.0,128.28,55.5,80.63999999999999,1,-1,-1,-1
138,1,526.22,182.12,113.02999999999997,145.21999999999997,1,-1,-1,-1
138,2,67.5,98.9,79.78999999999999,119.82,1,-1,-1,-1
138,3,297.14,128.1,55.5,80.65,1,-1,-1,-1
139,1,518.26,183.05,113.02999999999997,145.21999999999997,1,-1,-1,-1
139,2,67.5,98.9,79.94,120.21000000000001,1,-1,-1,-1
139,3,288.28,127.93,55.5,80.63999999999999,1,-1,-1,-1
140,1,510.31,183.99,113.03000000000003,145.21999999999997,1,-1,-1,-1
140,2,67.5,98.9,80.1,120.6,1,-1,-1,-1
140,3,279.42,127.75,55.5,80.65,1,-1,-1,-1
141,1,500.89,184.79,113.02999999999997,145.22,1,-1,-1,-1
141,2,66.19,101.21,80.11000000000001,120.60000000000001,1,-1,-1,-1
141,3,271.7,128.85,55.5,80.65,1,-1,-1,-1
142,1,491.46,185.59,113.03000000000003,145.22,1,-1,-1,-1
142,2,64.89,103.51,80.10000000000001,120.60000000000001,1,-1,-1,-1
142,3,263.98,129.96,55.5,80.63999999999999,1,-1,-1,-1
143,1,482.04,186.39,113.03000000000003,145.22000000000003,1,-1,-1,-1
143,2,63.59,105.82,80.1,120.6,1,-1,-1,-1
143,3,256.26,131.06,55.5,80.63999999999999,1,-1,-1,-1
144,1,472.62,187.2,113.02999999999997,145.21000000000004,1,-1,-1,-1
144,2,62.28,108.12,80.10999999999999,120.6,1,-1,-1,-1
144,3,248.55,132.16,55.49000000000001,80.65,1,-1,-1,-1
145,1,463.19,188.0,113.03000000000003,145.22000000000003,1,-1,-1,-1
145,2,60.98,110.43,80.10000000000002,120.6,1,-1,-1,-1
145,3,240.83,133.27,55.48999999999998,80.63999999999999,1,-1,-1,-1
146,1,453.77,188.8,113.02999999999997,145.21999999999997,1,-1,-1,-1
146,2,59.68,112.73,80.1,120.60000000000001,1,-1,-1,-1
146,3,233.11,134.37,55.49000000000001,80.63999999999999,1,-1,-1,-1
147,1,444.34,189.6,113.03000000000003,145.22,1,-1,-1,-1
147,2,58.37,115.04,80.10999999999999,120.59999999999998,1,-1,-1,-1
147,3,225.39,135.47,55.49000000000001,80.64000000000001,1,-1,-1,-1
148,1,434.6,191.32,113.02999999999997,145.22000000000003,1,-1,-1,-1
148,2,56.03,117.77,80.10999999999999,120.60000000000001,1,-1,-1,-1
148,3,216.5,135.0,55.5,80.65,1,-1,-1,-1
149,1,424.85,193.03,113.02999999999997,145.22,1,-1,-1,-1
149,2,53.69,120.5,80.11000000000001,120.6,1,-1,-1,-1
149,3,207.61,134.53,55.5,80.65,1,-1,-1,-1
150,1,415.1,194.75,113.02999999999997,145.22000000000003,1,-1,-1,-1
150,2,51.36,123.23,80.10000000000001,120.60000000000001,1,-1,-1,-1
150,3,198.72,134.07,55.5,80.64000000000001,1,-1,-1,-1
151,1,405.36,196.46,113.02999999999997,145.22,1,-1,-1,-1
151,2,49.02,125.96,80.1,120.60000000000001,1,-1,-1,-1
151,3,189.83,133.6,55.5,80.64000000000001,1,-1,-1,-1
152,1,395.61,198.18,113.02999999999997,145.21999999999997,1,-1,-1,-1
152,2,46.68,128.69,80.1,120.6,1,-1,-1,-1
152,3,180.94,133.13,55.5,80.65,1,-1,-1,-1
153,1,385.86,199.89,113.02999999999997,145.22000000000003,1,-1,-1,-1
153,2,44.34,131.41,80.1,120.6,1,-1,-1,-1
153,3,172.05,132.66,55.5,80.65,1,-1,-1,-1
154,1,376.12,201.61,113.02999999999997,145.21999999999997,1,-1,-1,-1
154,2,42.0,134.14,80.1,120.60000000000002,1,-1,-1,-1
154,3,163.16,132.2,55.5,80.64000000000001,1,-1,-1,-1
155,1,366.37,203.33,113.02999999999997,145.21,1,-1,-1,-1
155,2,39.66,136.87,80.10000000000001,120.60000000000002,1,-1,-1,-1
155,3,154.27,131.73,55.5,80.64000000000001,1,-1,-1,-1
156,1,356.62,205.04,113.02999999999997,145.22,1,-1,-1,-1
156,2,37.32,139.6,80.1,120.6,1,-1,-1,-1
156,3,145.38,131.26,55.5,80.64000000000001,1,-1,-1,-1
157,1,348.64,201.97,112.5,144.78,1,-1,-1,-1
157,2,36.62,142.27,80.1,120.6,1,-1,-1,-1
157,3,133.74,131.19,55.48999999999998,80.64000000000001,1,-1,-1,-1
158,1,340.66,198.9,111.96999999999997,144.34,1,-1,-1,-1
158,2,35.92,144.93,80.1,120.61000000000001,1,-1,-1,-1
158,3,122.09,131.12,55.49000000000001,80.63999999999999,1,-1,-1,-1
159,1,332.69,195.83,111.43,143.9,1,-1,-1,-1
159,2,35.22,147.6,80.1,120.6,1,-1,-1,-1
159,3,110.44,131.05,55.5,80.63999999999999,1,-1,-1,-1
160,1,324.71,192.76,110.91000000000003,143.46000000000004,1,-1,-1,-1
160,2,34.51,150.27,80.11000000000001,120.6,1,-1,-1,-1
160,3,98.79,130.98,55.499999999999986,80.64000000000001,1,-1,-1,-1
161,1,316.73,189.69,110.38,143.03000000000003,1,-1,-1,-1
161,2,33.81,152.94,80.11,120.60000000000002,1,-1,-1,-1
162,1,308.75,186.63,109.85000000000002,142.57999999999998,1,-1,-1,-1
162,2,33.11,155.6,80.1,120.6,1,-1,-1,-1
163,1,300.77,183.56,109.32,142.14,1,-1,-1,-1
163,2,32.41,158.27,80.10000000000001,120.6,1,-1,-1,-1
164,1,292.79,180.49,108.78999999999996,141.7,1,-1,-1,-1
164,2,31.71,160.94,80.1,120.60000000000002,1,-1,-1,-1
165,1,288.11,176.51,108.78999999999996,141.7,1,-1,-1,-1
165,2,31.0,163.6,80.11,120.6,1,-1,-1,-1
166,1,283.43,172.53,108.79000000000002,141.71,1,-1,-1,-1
166,2,30.3,166.27,80.11,120.6,1,-1,-1,-1
167,1,278.76,168.56,108.78000000000003,141.7,1,-1,-1,-1
167,2,30.02,165.11,81.26,120.89999999999998,1,-1,-1,-1
168,1,277.0,164.81,108.79000000000002,141.70999999999998,1,-1,-1,-1
168,2,29.74,163.95,82.41000000000001,121.21000000000004,1,-1,-1,-1
169,1,275.25,161.07,108.79000000000002,141.7,1,-1,-1,-1
169,2,29.46,162.8,83.56,121.5,1,-1,-1,-1
170,1,273.49,157.33,108.78999999999996,141.69999999999996,1,-1,-1,-1
170,2,29.17,161.64,84.72,121.81,1,-1,-1,-1
171,1,271.74,153.59,108.78999999999996,141.70000000000002,1,-1,-1,-1
171,2,28.89,160.48,85.87,122.10999999999999,1,-1,-1,-1
172,1,269.98,149.84,108.78999999999996,141.70000000000002,1,-1,-1,-1
172,2,28.61,159.32,87.02,122.42000000000002,1,-1,-1,-1
173,1,268.23,146.1,108.78999999999996,141.70000000000002,1,-1,-1,-1
173,2,28.32,158.17,88.18,122.71000000000001,1,-1,-1,-1
174,1,265.89,139.08,108.79000000000002,141.69999999999996,1,-1,-1,-1
174,2,28.04,157.01,89.33000000000001,123.01999999999998,1,-1,-1,-1
175,1,263.55,132.06,108.78999999999996,141.70999999999998,1,-1,-1,-1
175,2,27.76,155.85,90.49,123.32000000000002,1,-1,-1,-1
176,1,261.21,125.05,108.79000000000002,141.7,1,-1,-1,-1
176,2,27.48,154.69,91.64,123.63,1,-1,-1,-1
177,1,259.98,120.13,108.78999999999996,141.70999999999998,1,-1,-1,-1
177,2,27.19,153.54,92.8,123.91999999999999,1,-1,-1,-1
178,1,258.76,115.22,108.78000000000003,141.70000000000002,1,-1,-1,-1
178,2,26.91,152.38,93.95,124.23000000000002,1,-1,-1,-1
179,1,257.53,110.31,108.79000000000002,141.7,1,-1,-1,-1
179,2,26.63,151.22,95.10000000000001,124.53,1,-1,-1,-1
180,1,256.3,105.4,108.78999999999996,141.7,1,-1,-1,-1
180,2,26.35,150.06,96.25,124.83999999999997,1,-1,-1,-1
181,1,254.2,99.78,108.78000000000003,141.71,1,-1,-1,-1
181,2,29.56,149.37,96.17,124.65999999999997,1,-1,-1,-1
182,1,247.4,92.23,112.02000000000001,145.57999999999998,1,-1,-1,-1
182,2,32.77,148.68,96.07999999999998,124.46999999999997,1,-1,-1,-1
183,1,240.61,84.68,115.24000000000001,149.45999999999998,1,-1,-1,-1
183,2,35.99,147.98,95.98999999999998,124.29999999999998,1,-1,-1,-1
184,1,233.82,77.12,118.45999999999998,153.35,1,-1,-1,-1
184,2,39.2,147.29,95.89999999999999,124.10999999999999,1,-1,-1,-1
185,1,227.03,69.57,121.67999999999998,157.23000000000002,1,-1,-1,-1
185,2,42.42,146.6,95.80999999999999,123.92999999999998,1,-1,-1,-1
186,1,222.33,65.47,122.97999999999999,159.8,1,-1,-1,-1
186,2,45.63,145.9,95.72,123.74999999999997,1,-1,-1,-1
187,1,217.64,61.37,124.27000000000004,162.38,1,-1,-1,-1
187,2,48.84,145.21,95.63999999999999,123.56999999999996,1,-1,-1,-1
188,1,212.94,57.27,125.56,164.95,1,-1,-1,-1
188,2,52.06,144.51,95.53999999999999,123.38999999999999,1,-1,-1,-1
189,1,208.24,53.17,126.86000000000001,167.52999999999997,1,-1,-1,-1
189,2,62.58,142.41,93.45,123.39000000000001,1,-1,-1,-1
190,1,202.1,48.06,126.03999999999999,170.35,1,-1,-1,-1
190,2,73.11,140.3,91.33999999999999,123.39999999999998,1,-1,-1,-1
191,1,195.97,42.94,125.22,173.18,1,-1,-1,-1
191,2,83.64,138.2,89.24,123.40000000000003,1,-1,-1,-1
192,1,189.83,37.83,124.4,176.0,1,-1,-1,-1
192,2,94.16,136.09,87.14000000000001,123.41,1,-1,-1,-1
193,1,183.7,32.72,123.57999999999998,178.82,1,-1,-1,-1
193,2,107.73,135.27,87.14,123.41,1,-1,-1,-1
194,1,168.75,27.6,131.57,181.66,1,-1,-1,-1
195,1,153.79,22.49,139.58,184.48,1,-1,-1,-1
196,1,138.84,17.38,147.57000000000002,187.3,1,-1,-1,-1
197,1,123.88,12.26,155.57999999999998,190.13,1,-1,-1,-1
198,1,108.93,7.15,163.57,192.95,1,-1,-1,-1
199,1,105.05,21.3,153.42000000000002,187.57,1,-1,-1,-1
200,1,101.18,35.45,143.25,182.19,1,-1,-1,-1
201,1,97.3,49.6,133.10000000000002,176.82,1,-1,-1,-1
201,2,240.83,104.51,87.14000000000001,123.40999999999998,1,-1,-1,-1
202,1,76.6,42.24,148.18,192.95,1,-1,-1,-1
202,2,256.98,116.44,87.13,123.41,1,-1,-1,-1
203,1,60.69,55.1,148.18,192.95000000000002,1,-1,-1,-1
203,2,274.87,116.44,87.13999999999999,123.41,1,-1,-1,-1
204,1,44.79,67.97,148.18,192.95000000000002,1,-1,-1,-1
204,2,292.77,116.44,87.13,123.41,1,-1,-1,-1
205,1,28.88,80.84,148.18,192.95000000000002,1,-1,-1,-1
205,2,307.05,115.41,88.69999999999999,124.45000000000002,1,-1,-1,-1
206,1,19.76,99.08,148.18,192.95,1,-1,-1,-1
206,2,321.33,114.38,90.27000000000004,125.5,1,-1,-1,-1
207,1,19.76,99.08,126.43999999999998,193.62,1,-1,-1,-1
207,2,335.62,113.34,91.82999999999998,126.54999999999998,1,-1,-1,-1
208,1,13.34,106.31,123.93,194.82,1,-1,-1,-1
208,2,349.9,112.31,93.40000000000003,127.59,1,-1,-1,-1
209,1,6.92,113.53,121.41000000000001,196.04,1,-1,-1,-1
209,2,364.92,112.03,92.70999999999998,127.13,1,-1,-1,-1
210,1,0.5,120.76,118.9,197.24,1,-1,-1,-1
210,2,379.95,111.76,92.0,126.65999999999998,1,-1,-1,-1
211,1,0.43,125.98,116.38,196.43,1,-1,-1,-1
211,2,386.85,111.48,93.58999999999997,126.55999999999999,1,-1,-1,-1
212,1,0.36,131.2,113.87,195.61,1,-1,-1,-1
212,2,393.75,111.21,95.18,126.45,1,-1,-1,-1
213,1,0.28,136.42,111.36,194.80000000000004,1,-1,-1,-1
213,2,400.65,110.93,96.76000000000005,126.35,1,-1,-1,-1
214,1,0.21,141.64,108.85000000000001,193.98000000000002,1,-1,-1,-1
214,2,407.56,110.66,98.33999999999997,126.24000000000001,1,-1,-1,-1
215,1,0.14,146.86,106.33,193.16999999999996,1,-1,-1,-1
215,2,414.46,110.39,94.61000000000001,125.29,1,-1,-1,-1
216,1,0.07,152.08,103.82000000000001,192.35999999999999,1,-1,-1,-1
216,2,421.36,110.11,90.88,124.35000000000001,1,-1,-1,-1
217,1,0.0,157.3,101.3,191.53999999999996,1,-1,-1,-1
217,2,428.27,109.84,87.13,123.4,1,-1,-1,-1
218,1,1.38,159.77,103.74000000000001,188.72,1,-1,-1,-1
218,2,429.06,108.8,87.13000000000005,123.41000000000001,1,-1,-1,-1
219,1,2.76,162.23,106.17999999999999,185.91,1,-1,-1,-1
219,2,429.85,107.77,87.13,123.39999999999999,1,-1,-1,-1
220,1,4.13,164.7,108.64,183.09000000000003,1,-1,-1,-1
220,2,430.64,106.73,87.13,123.40999999999998,1,-1,-1,-1
221,1,5.51,167.17,111.08,180.28,1,-1,-1,-1
221,2,431.43,105.7,87.14000000000004,123.39999999999999,1,-1,-1,-1
222,1,6.89,169.63,113.52,177.47000000000003,1,-1,-1,-1
222,2,432.22,104.66,87.13999999999999,123.41,1,-1,-1,-1
223,1,8.27,172.1,115.96000000000001,174.65,1,-1,-1,-1
223,2,433.01,103.63,87.13999999999999,123.4,1,-1,-1,-1
224,1,9.64,174.57,118.42,171.82999999999998,1,-1,-1,-1
224,2,433.8,102.59,87.14000000000004,123.41,1,-1,-1,-1
224,3,109.48,95.47,63.989999999999995,94.02000000000001,1,-1,-1,-1
225,1,11.02,177.03,120.86,169.02,1,-1,-1,-1
225,2,434.59,101.56,87.14000000000004,123.4,1,-1,-1,-1
225,3,122.81,89.86,66.82999999999998,101.04,1,-1,-1,-1
226,1,12.4,179.5,123.29999999999998,166.2,1,-1,-1,-1
226,2,435.38,100.52,87.13999999999999,123.41000000000001,1,-1,-1,-1
226,3,136.14,84.24,69.66000000000003,108.06000000000002,1,-1,-1,-1
227,1,15.57,175.43,122.11000000000001,165.89,1,-1,-1,-1
227,2,436.93,99.1,86.37999999999994,122.98000000000002,1,-1,-1,-1
227,3,141.7,84.51,69.66000000000003,108.05999999999999,1,-1,-1,-1
228,1,18.74,171.37,120.91000000000001,165.56,1,-1,-1,-1
228,2,438.48,97.68,85.62,122.54999999999998,1,-1,-1,-1
228,3,147.26,84.78,69.66,108.06,1,-1,-1,-1
229,1,21.91,167.3,119.72,165.25,1,-1,-1,-1
229,2,440.03,96.26,84.86000000000001,122.11999999999999,1,-1,-1,-1
229,3,152.82,85.05,69.66,108.06000000000002,1,-1,-1,-1
230,1,25.08,163.23,118.53000000000002,164.93000000000004,1,-1,-1,-1
230,2,441.57,94.85,84.10999999999996,121.69,1,-1,-1,-1
230,3,158.38,85.32,69.66,108.06,1,-1,-1,-1
231,1,28.25,159.17,117.33000000000001,164.60999999999999,1,-1,-1,-1
231,2,443.12,93.43,83.35000000000002,121.25999999999999,1,-1,-1,-1
231,3,163.94,85.59,69.66,108.06,1,-1,-1,-1
232,1,31.42,155.1,116.14,164.29,1,-1,-1,-1
232,2,444.67,92.01,82.58999999999997,120.83,1,-1,-1,-1
232,3,169.5,85.86,69.66,108.05999999999999,1,-1,-1,-1
233,1,34.59,151.03,114.94999999999999,163.98,1,-1,-1,-1
233,2,446.22,90.59,81.82999999999993,120.4,1,-1,-1,-1
233,3,175.06,86.13,69.66,108.06,1,-1,-1,-1
234,1,37.77,146.97,113.75,163.65,1,-1,-1,-1
234,2,447.76,89.17,81.09000000000003,119.96999999999998,1,-1,-1,-1
234,3,180.62,86.4,69.66,108.06,1,-1,-1,-1
235,1,40.94,142.9,112.55000000000001,163.34,1,-1,-1,-1
235,2,449.31,87.75,80.32999999999998,119.53999999999999,1,-1,-1,-1
235,3,186.18,86.67,69.66,108.05999999999999,1,-1,-1,-1
236,1,44.11,138.83,111.36,163.02,1,-1,-1,-1
236,2,450.86,86.33,79.56999999999994,119.11999999999999,1,-1,-1,-1
236,3,191.75,86.94,69.64999999999998,108.06,1,-1,-1,-1
237,1,47.28,134.76,110.16999999999999,162.71000000000004,1,-1,-1,-1
237,2,452.41,84.91,78.81,118.69,1,-1,-1,-1
237,3,197.31,87.21,69.64999999999998,108.06000000000002,1,-1,-1,-1
238,1,50.45,130.7,108.96999999999998,162.38,1,-1,-1,-1
238,2,453.95,83.49,78.06,118.26,1,-1,-1,-1
238,3,202.87,87.48,69.64999999999998,108.05999999999999,1,-1,-1,-1
239,1,53.62,126.63,107.78,162.07,1,-1,-1,-1
239,2,455.5,82.07,77.29999999999995,117.83000000000001,1,-1,-1,-1
239,3,208.43,87.75,69.64999999999998,108.06,1,-1,-1,-1
240,1,47.72,127.85,111.08000000000001,166.25000000000003,1,-1,-1,-1
240,2,446.45,80.65,87.14000000000004,123.41,1,-1,-1,-1
240,3,214.7,94.1,69.69999999999999,101.01000000000002,1,-1,-1,-1
241,1,44.33,133.47,109.89999999999999,163.42999999999998,1,-1,-1,-1
241,2,450.67,83.11,83.73999999999995,121.19000000000001,1,-1,-1,-1
241,3,221.95,96.67,68.77000000000004,99.14,1,-1,-1,-1
242,1,40.94,139.08,108.72999999999999,160.61999999999998,1,-1,-1,-1
242,2,454.88,85.57,80.35000000000002,118.97,1,-1,-1,-1
242,3,229.2,99.25,67.82999999999998,97.25,1,-1,-1,-1
243,1,37.55,144.7,107.55,157.8,1,-1,-1,-1
243,2,459.09,88.02,76.95999999999998,116.76,1,-1,-1,-1
243,3,236.45,101.82,66.90000000000003,95.38,1,-1,-1,-1
244,1,34.15,150.31,106.38,154.99,1,-1,-1,-1
244,2,463.3,90.48,73.56,114.54,1,-1,-1,-1
244,3,243.71,104.39,65.96000000000001,93.51,1,-1,-1,-1
245,1,30.76,155.93,105.21,152.17000000000002,1,-1,-1,-1
245,2,467.51,92.93,70.16999999999996,112.32999999999998,1,-1,-1,-1
245,3,250.96,106.97,65.02000000000001,91.63,1,-1,-1,-1
246,1,27.37,161.54,104.03,149.35999999999999,1,-1,-1,-1
246,2,471.72,95.39,66.77999999999997,110.11,1,-1,-1,-1
246,3,258.21,109.54,64.09000000000003,89.76,1,-1,-1,-1
247,1,26.04,160.99,103.41,148.58999999999997,1,-1,-1,-1
247,2,473.51,100.85,66.77999999999997,110.11000000000001,1,-1,-1,-1
247,3,261.8,110.4,63.46999999999997,89.6,1,-1,-1,-1
248,1,24.72,160.45,102.77,147.81,1,-1,-1,-1
248,2,475.31,106.31,66.78000000000003,110.10999999999999,1,-1,-1,-1
248,3,265.38,111.25,62.85000000000002,89.44999999999999,1,-1,-1,-1
249,1,23.39,159.9,102.15,147.03,1,-1,-1,-1
249,2,477.1,111.77,66.77999999999997,110.10000000000001,1,-1,-1,-1
249,3,268.97,112.11,62.22999999999996,89.29,1,-1,-1,-1
250,1,22.07,159.36,101.50999999999999,146.25,1,-1,-1,-1
250,2,478.89,117.22,66.77999999999997,110.11000000000001,1,-1,-1,-1
250,3,272.56,112.97,61.610000000000014,89.13,1,-1,-1,-1
251,1,20.74,158.81,100.89,145.48000000000002,1,-1,-1,-1
251,2,480.69,122.68,66.78000000000003,110.10999999999999,1,-1,-1,-1
251,3,276.14,113.83,60.99000000000001,88.97000000000001,1,-1,-1,-1
252,1,19.42,158.27,100.25,144.70000000000002,1,-1,-1,-1
252,2,482.48,128.14,66.77999999999997,110.11000000000001,1,-1,-1,-1
252,3,279.73,114.69,60.370000000000005,88.81,1,-1,-1,-1
253,1,18.09,157.72,99.63,143.92999999999998,1,-1,-1,-1
253,2,484.27,133.6,66.77999999999997,110.11000000000001,1,-1,-1,-1
253,3,283.32,115.54,59.75,88.65999999999998,1,-1,-1,-1
254,1,16.77,157.17,99.0,143.16,1,-1,-1,-1
254,2,486.07,139.06,66.78000000000003,110.10999999999999,1,-1,-1,-1
254,3,286.9,116.4,59.129999999999995,88.5,1,-1,-1,-1
255,1,15.44,156.63,98.37,142.37,1,-1,-1,-1
255,2,487.86,144.51,66.77999999999997,110.11000000000001,1,-1,-1,-1
255,3,290.49,117.26,58.50999999999999,88.33999999999999,1,-1,-1,-1
256,1,22.61,153.82,98.03,141.60000000000002,1,-1,-1,-1
256,2,487.63,147.48,67.21000000000004,109.68000000000004,1,-1,-1,-1
256,3,289.52,118.97,58.04000000000002,87.37,1,-1,-1,-1
257,1,29.79,151.01,97.66999999999999,140.82,1,-1,-1,-1
257,2,487.39,150.44,67.63999999999999,109.25,1,-1,-1,-1
257,3,288.54,120.69,57.56999999999999,86.39000000000001,1,-1,-1,-1
258,1,36.96,148.21,97.32,140.03,1,-1,-1,-1
258,2,487.16,153.4,68.06,108.82000000000002,1,-1,-1,-1
258,3,287.57,122.41,57.10000000000002,85.41,1,-1,-1,-1
259,1,44.13,145.4,96.98000000000002,139.24999999999997,1,-1,-1,-1
259,2,486.93,156.37,68.48999999999995,108.38999999999999,1,-1,-1,-1
259,3,286.59,124.12,56.63000000000005,84.44,1,-1,-1,-1
260,1,51.31,142.59,96.62,138.47,1,-1,-1,-1
260,2,486.69,159.33,68.92000000000002,107.96000000000001,1,-1,-1,-1
260,3,285.62,125.84,56.15999999999997,83.44999999999999,1,-1,-1,-1
261,1,58.48,139.79,96.28,137.68000000000004,1,-1,-1,-1
261,2,486.46,162.29,69.34999999999997,107.53,1,-1,-1,-1
261,3,284.64,127.55,55.69,82.48,1,-1,-1,-1
262,1,65.66,136.98,95.92000000000002,136.91,1,-1,-1,-1
262,2,486.22,165.26,69.77999999999997,107.10000000000002,1,-1,-1,-1
262,3,283.67,129.27,55.21999999999997,81.5,1,-1,-1,-1
263,1,72.83,134.17,95.58,136.13000000000002,1,-1,-1,-1
263,2,485.99,168.22,70.21000000000004,106.66999999999999,1,-1,-1,-1
263,3,282.69,130.98,54.75,80.53,1,-1,-1,-1
264,1,80.0,131.36,95.22999999999999,135.34999999999997,1,-1,-1,-1
264,2,485.76,171.18,70.63,106.24000000000001,1,-1,-1,-1
264,3,281.72,132.7,54.27999999999997,79.55000000000001,1,-1,-1,-1
265,1,84.68,127.78,94.88,134.55999999999997,1,-1,-1,-1
265,2,484.12,173.21,69.97000000000003,105.80999999999997,1,-1,-1,-1
265,3,280.74,133.32,53.81999999999999,79.67000000000002,1,-1,-1,-1
266,1,89.36,124.19,94.52999999999999,133.78000000000003,1,-1,-1,-1
266,2,482.48,175.24,69.30999999999995,105.38,1,-1,-1,-1
266,3,279.77,133.95,53.34000000000003,79.78,1,-1,-1,-1
267,1,94.04,120.6,94.17999999999999,133.01000000000002,1,-1,-1,-1
267,2,480.84,177.26,68.66000000000003,104.96000000000004,1,-1,-1,-1
267,3,278.79,134.57,52.879999999999995,79.9,1,-1,-1,-1
268,1,98.72,117.02,93.83000000000001,132.22000000000003,1,-1,-1,-1
268,2,479.21,179.29,67.99000000000007,104.52000000000001,1,-1,-1,-1
268,3,277.82,135.19,52.400000000000034,80.02000000000001,1,-1,-1,-1
269,1,103.4,113.43,93.47999999999999,131.44,1,-1,-1,-1
269,2,477.57,181.32,67.32999999999998,104.09000000000003,1,-1,-1,-1
269,3,276.85,135.82,51.92999999999995,80.12,1,-1,-1,-1
270,1,108.07,109.84,93.14000000000001,130.66,1,-1,-1,-1
270,2,475.93,183.35,66.67000000000002,103.66,1,-1,-1,-1
270,3,275.87,136.44,51.45999999999998,80.24000000000001,1,-1,-1,-1
271,1,112.75,106.26,92.78999999999999,129.88,1,-1,-1,-1
271,2,474.29,185.37,66.00999999999993,103.24000000000001,1,-1,-1,-1
271,3,274.9,137.06,50.99000000000001,80.35999999999999,1,-1,-1,-1
272,1,117.43,102.67,92.44,129.10000000000002,1,-1,-1,-1
272,2,472.66,187.4,65.33999999999997,102.79999999999998,1,-1,-1,-1
272,3,273.92,137.69,50.51999999999998,80.47,1,-1,-1,-1
273,1,122.11,99.08,92.08999999999999,128.32,1,-1,-1,-1
273,2,471.02,189.43,64.68000000000006,102.37,1,-1,-1,-1
273,3,272.95,138.31,50.05000000000001,80.59,1,-1,-1,-1
274,1,127.92,96.18,90.96,128.32,1,-1,-1,-1
274,2,470.69,188.81,64.68,102.37,1,-1,-1,-1
274,3,272.62,138.23,50.05000000000001,80.59,1,-1,-1,-1
275,1,133.73,93.29,89.83000000000001,128.31,1,-1,-1,-1
275,2,470.36,188.19,64.67999999999995,102.37,1,-1,-1,-1
275,3,272.29,138.15,50.049999999999955,80.57999999999998,1,-1,-1,-1
276,1,139.55,90.39,88.69,128.32,1,-1,-1,-1
276,2,470.03,187.57,64.68000000000006,102.37,1,-1,-1,-1
276,3,271.96,138.06,50.05000000000001,80.59,1,-1,-1,-1
277,1,145.36,87.49,87.55999999999997,128.32,1,-1,-1,-1
277,2,469.7,186.95,64.68,102.37,1,-1,-1,-1
277,3,271.63,137.98,50.05000000000001,80.59,1,-1,-1,-1
278,1,151.17,84.59,86.43,128.32,1,-1,-1,-1
278,2,469.37,186.33,64.67999999999995,102.36999999999998,1,-1,-1,-1
278,3,271.3,137.9,50.05000000000001,80.59,1,-1,-1,-1
279,1,159.69,87.26,86.9,128.32,1,-1,-1,-1
279,2,469.04,185.71,64.68,102.36999999999998,1,-1,-1,-1
279,3,270.97,137.82,50.049999999999955,80.58000000000001,1,-1,-1,-1
280,1,168.2,89.93,87.37,128.32,1,-1,-1,-1
280,2,468.71,185.09,64.68,102.38000000000002,1,-1,-1,-1
280,3,270.64,137.73,50.05000000000001,80.59,1,-1,-1,-1
281,1,176.71,92.6,87.85,128.32,1,-1,-1,-1
281,2,468.38,184.47,64.67999999999995,102.38000000000002,1,-1,-1,-1
281,3,270.31,137.65,50.05000000000001,80.59,1,-1,-1,-1
282,1,185.97,104.51,88.30999999999997,128.32,1,-1,-1,-1
282,2,468.05,183.85,64.68,102.38000000000002,1,-1,-1,-1
282,3,269.98,137.57,50.049999999999955,80.59,1,-1,-1,-1
283,1,195.22,116.42,88.78999999999999,128.32,1,-1,-1,-1
283,2,467.72,183.24,64.67999999999995,102.37,1,-1,-1,-1
284,1,207.67,137.37,89.26000000000002,128.32,1,-1,-1,-1
284,2,467.39,182.62,64.68000000000006,102.37,1,-1,-1,-1
285,1,220.12,158.32,89.73000000000002,128.31,1,-1,-1,-1
285,2,467.06,182.0,64.68,102.37,1,-1,-1,-1
286,1,232.56,179.27,90.19999999999999,128.30999999999997,1,-1,-1,-1
286,2,466.73,181.38,64.67999999999995,102.37,1,-1,-1,-1
287,1,243.37,199.4,90.65999999999997,128.29,1,-1,-1,-1
287,2,466.4,180.76,64.68000000000006,102.37,1,-1,-1,-1
288,1,254.18,219.53,91.12,128.27,1,-1,-1,-1
288,2,466.06,180.14,64.69,102.37,1,-1,-1,-1
288,3,267.99,137.07,50.06,80.59,1,-1,-1,-1
289,1,264.99,239.66,94.40999999999997,131.84,1,-1,-1,-1
289,2,465.73,179.52,64.68999999999994,102.36999999999998,1,-1,-1,-1
289,3,267.66,136.99,50.06,80.59,1,-1,-1,-1
290,1,275.8,259.79,92.08999999999997,128.32,1,-1,-1,-1
290,2,465.4,178.9,64.68000000000006,102.36999999999998,1,-1,-1,-1
290,3,267.33,136.91,50.06,80.59,1,-1,-1,-1
291,1,285.13,277.12,92.09000000000003,128.32,1,-1,-1,-1
291,2,467.51,180.87,64.68000000000006,102.37,1,-1,-1,-1
291,3,261.44,137.33,50.05000000000001,80.58999999999997,1,-1,-1,-1
292,1,290.68,292.66,92.08999999999997,128.32,1,-1,-1,-1
292,2,469.61,182.83,64.68999999999994,102.36999999999998,1,-1,-1,-1
292,3,255.54,137.75,50.06000000000003,80.59,1,-1,-1,-1
293,1,296.23,308.2,92.08999999999997,128.32,1,-1,-1,-1
293,2,471.72,184.8,64.67999999999995,102.37,1,-1,-1,-1
293,3,249.65,138.17,50.04999999999998,80.59,1,-1,-1,-1
294,1,301.44,316.93,92.08999999999997,128.31,1,-1,-1,-1
294,2,473.83,186.76,64.68,102.37,1,-1,-1,-1
294,3,243.75,138.59,50.06,80.59,1,-1,-1,-1
295,1,303.36,319.92,92.08999999999997,133.25,1,-1,-1,-1
295,2,475.93,188.73,64.68,102.37000000000003,1,-1,-1,-1
295,3,237.86,139.01,50.05000000000001,80.59,1,-1,-1,-1
296,1,305.29,322.91,92.08999999999997,138.19,1,-1,-1,-1
296,2,478.04,190.69,64.68,102.37,1,-1,-1,-1
296,3,231.96,139.43,50.059999999999974,80.59,1,-1,-1,-1
297,1,307.21,325.9,92.09000000000003,135.72000000000003,1,-1,-1,-1
297,2,480.14,192.66,64.68000000000006,102.36999999999998,1,-1,-1,-1
297,3,226.07,139.85,50.05000000000001,80.59,1,-1,-1,-1
298,1,309.14,328.89,92.09000000000003,133.26,1,-1,-1,-1
298,2,482.25,194.62,64.67999999999995,102.37,1,-1,-1,-1
298,3,220.17,140.28,50.06000000000003,80.58000000000001,1,-1,-1,-1
299,1,311.07,331.89,92.09000000000003,130.78000000000003,1,-1,-1,-1
299,2,484.35,196.59,64.67999999999995,102.36999999999998,1,-1,-1,-1
299,3,214.28,140.7,50.04999999999998,80.59,1,-1,-1,-1
300,1,312.99,334.88,92.08999999999997,128.31,1,-1,-1,-1
300,2,486.46,198.55,64.68,102.37,1,-1,-1,-1
300,3,208.38,141.12,50.06,80.59,1,-1,-1,-1
301,1,313.69,334.88,101.20999999999998,131.82,1,-1,-1,-1
301,2,483.65,215.41,64.68000000000006,89.72,1,-1,-1,-1
301,3,203.47,139.72,50.06,80.58000000000001,1,-1,-1,-1
302,1,321.59,333.36,101.39000000000004,132.52999999999997,1,-1,-1,-1
302,2,484.06,217.16,64.68,89.72999999999999,1,-1,-1,-1
302,3,200.08,139.83,50.579999999999984,80.58999999999997,1,-1,-1,-1
303,1,329.48,331.84,101.57,133.24,1,-1,-1,-1
303,2,484.47,218.92,64.67999999999995,89.72,1,-1,-1,-1
303,3,196.69,139.95,51.099999999999994,80.59,1,-1,-1,-1
304,1,337.38,330.32,101.75,133.94,1,-1,-1,-1
304,2,484.88,220.67,64.67999999999995,89.72999999999999,1,-1,-1,-1
304,3,193.3,140.07,51.619999999999976,80.59,1,-1,-1,-1
305,1,345.27,328.8,101.93,134.64999999999998,1,-1,-1,-1
305,2,485.29,222.43,64.68,89.71999999999997,1,-1,-1,-1
305,3,189.9,140.18,52.150000000000006,80.59,1,-1,-1,-1
306,1,353.17,327.28,102.10999999999996,135.36,1,-1,-1,-1
306,2,485.7,224.18,64.68,89.73000000000002,1,-1,-1,-1
306,3,186.51,140.3,52.670000000000016,80.58999999999997,1,-1,-1,-1
307,1,361.06,325.76,102.29000000000002,136.07,1,-1,-1,-1
307,2,486.11,225.94,64.67999999999995,89.72000000000003,1,-1,-1,-1
307,3,183.12,140.42,53.19,80.59,1,-1,-1,-1
308,1,368.96,324.23,102.47000000000003,136.77999999999997,1,-1,-1,-1
308,2,486.52,227.69,64.68000000000006,89.72000000000003,1,-1,-1,-1
308,3,179.73,140.53,53.71000000000001,80.59,1,-1,-1,-1
309,1,376.85,322.71,102.64999999999998,137.49,1,-1,-1,-1
309,2,486.93,229.45,64.68,89.72000000000003,1,-1,-1,-1
309,3,176.34,140.65,54.24000000000001,80.59,1,-1,-1,-1
310,1,385.8,316.46,102.28999999999996,136.07,1,-1,-1,-1
310,2,487.33,231.2,64.68,89.72000000000003,1,-1,-1,-1
310,3,172.95,140.77,54.76000000000002,80.59,1,-1,-1,-1
311,1,394.75,310.2,101.93,134.65000000000003,1,-1,-1,-1
311,2,487.74,232.95,64.67999999999995,89.73000000000002,1,-1,-1,-1
311,3,169.55,140.89,55.28999999999999,80.58000000000001,1,-1,-1,-1
312,1,403.7,303.94,101.56,133.24,1,-1,-1,-1
312,2,488.15,234.71,64.68000000000006,89.72,1,-1,-1,-1
312,3,166.16,141.0,55.81,80.59,1,-1,-1,-1
313,1,412.64,297.68,101.21000000000004,131.82999999999998,1,-1,-1,-1
313,3,162.77,141.12,56.329999999999984,80.59,1,-1,-1,-1
314,1,423.62,288.56,101.20000000000005,131.82,1,-1,-1,-1
314,3,161.72,141.12,56.33000000000001,80.59,1,-1,-1,-1
315,1,434.59,279.44,101.19999999999999,131.82,1,-1,-1,-1
315,3,160.66,141.12,56.33000000000001,80.59,1,-1,-1,-1
316,1,445.56,270.32,101.19999999999999,131.82,1,-1,-1,-1
316,3,159.61,141.12,56.329999999999984,80.59,1,-1,-1,-1
317,1,454.31,259.39,101.20999999999998,131.82,1,-1,-1,-1
317,3,158.56,141.12,56.329999999999984,80.59,1,-1,-1,-1
318,1,463.06,248.46,101.20999999999998,131.81999999999996,1,-1,-1,-1
318,3,157.51,141.12,56.33000000000001,80.59,1,-1,-1,-1
319,1,471.82,237.53,101.19999999999999,131.82000000000002,1,-1,-1,-1
319,3,156.45,141.12,56.33000000000001,80.59,1,-1,-1,-1
320,1,480.57,226.61,101.19999999999999,131.82,1,-1,-1,-1
320,3,155.4,141.12,56.329999999999984,80.59,1,-1,-1,-1
321,1,489.32,215.68,101.20999999999998,131.82,1,-1,-1,-1
321,3,154.35,141.12,56.33000000000001,80.59,1,-1,-1,-1
322,1,494.14,214.58,101.21000000000004,131.81999999999996,1,-1,-1,-1
322,3,153.3,141.12,56.329999999999984,80.59,1,-1,-1,-1
323,1,498.96,213.47,101.20999999999998,131.82000000000002,1,-1,-1,-1
323,2,447.16,258.22,45.73999999999995,72.17999999999995,1,-1,-1,-1
323,3,152.24,141.12,56.329999999999984,80.59,1,-1,-1,-1
324,1,505.98,204.12,101.21000000000004,131.82,1,-1,-1,-1
324,2,444.12,258.22,45.74000000000001,72.17999999999995,1,-1,-1,-1
324,3,150.14,140.65,56.33000000000001,80.59,1,-1,-1,-1
325,1,513.0,194.76,101.20000000000005,131.82,1,-1,-1,-1
325,2,441.08,258.22,45.74000000000001,72.17999999999995,1,-1,-1,-1
325,3,148.03,140.18,56.33000000000001,80.59,1,-1,-1,-1
326,1,520.02,185.4,101.20000000000005,131.82000000000002,1,-1,-1,-1
326,2,438.04,258.22,45.73999999999995,72.17999999999995,1,-1,-1,-1
326,3,145.93,139.72,56.329999999999984,80.58000000000001,1,-1,-1,-1
327,1,527.03,176.04,101.21000000000004,131.83,1,-1,-1,-1
327,2,434.99,258.22,45.75,72.17999999999995,1,-1,-1,-1
327,3,143.82,139.25,56.33000000000001,80.59,1,-1,-1,-1
328,1,534.05,166.69,101.21000000000004,131.82,1,-1,-1,-1
328,2,431.95,258.22,45.74000000000001,72.17999999999995,1,-1,-1,-1
328,3,141.72,138.78,56.33000000000001,80.59,1,-1,-1,-1
329,1,541.07,157.33,101.19999999999993,131.81999999999996,1,-1,-1,-1
329,2,428.91,258.22,45.73999999999995,72.17999999999995,1,-1,-1,-1
329,3,139.61,138.31,56.329999999999984,80.59,1,-1,-1,-1
330,1,548.37,149.75,101.20000000000005,131.82,1,-1,-1,-1
330,2,426.1,258.22,46.329999999999984,73.10999999999996,1,-1,-1,-1
330,3,136.34,137.49,56.68000000000001,80.59,1,-1,-1,-1
331,1,555.66,142.17,101.21000000000004,131.82000000000002,1,-1,-1,-1
331,2,423.3,258.22,46.89999999999998,74.04999999999995,1,-1,-1,-1
331,3,133.06,136.67,57.03,80.60000000000002,1,-1,-1,-1
332,1,562.96,134.59,101.20999999999992,131.82000000000002,1,-1,-1,-1
332,2,420.49,258.22,47.49000000000001,74.97999999999996,1,-1,-1,-1
332,3,129.79,135.85,57.379999999999995,80.6,1,-1,-1,-1
333,1,570.26,127.01,101.21000000000004,131.82999999999998,1,-1,-1,-1
333,2,417.68,258.22,48.06999999999999,75.90999999999997,1,-1,-1,-1
333,3,126.51,135.04,57.739999999999995,80.59,1,-1,-1,-1
334,1,577.56,119.44,101.20000000000005,131.82,1,-1,-1,-1
334,2,414.88,258.22,48.64999999999998,76.83999999999997,1,-1,-1,-1
334,3,123.24,134.22,58.08,80.6,1,-1,-1,-1
335,1,583.87,111.72,101.21000000000004,131.82,1,-1,-1,-1
335,2,412.07,258.22,49.23000000000002,77.77999999999997,1,-1,-1,-1
335,3,119.96,133.4,58.44000000000001,80.6,1,-1,-1,-1
336,1,589.21,104.37,99.15999999999997,131.62,1,-1,-1,-1
336,2,409.05,258.27,49.22999999999996,77.78000000000003,1,-1,-1,-1
336,3,122.34,133.18,58.44,80.6,1,-1,-1,-1
337,1,594.54,97.03,97.12,131.41,1,-1,-1,-1
337,2,406.02,258.33,49.24000000000001,77.77000000000004,1,-1,-1,-1
337,3,124.71,132.97,58.44000000000001,80.6,1,-1,-1,-1
338,1,599.87,89.69,95.07000000000005,131.2,1,-1,-1,-1
338,2,403.0,258.38,49.23000000000002,77.78000000000003,1,-1,-1,-1
338,3,127.09,132.75,58.44,80.6,1,-1,-1,-1
339,1,605.2,82.35,93.02999999999997,130.99,1,-1,-1,-1
339,2,399.98,258.43,49.22999999999996,77.77999999999997,1,-1,-1,-1
339,3,129.46,132.53,58.44,80.60999999999999,1,-1,-1,-1
340,1,610.53,75.01,90.99000000000001,130.79000000000002,1,-1,-1,-1
340,2,396.95,258.49,49.24000000000001,77.77999999999997,1,-1,-1,-1
340,3,131.84,132.32,58.44,80.6,1,-1,-1,-1
341,1,615.87,67.67,88.93999999999994,130.57999999999998,1,-1,-1,-1
341,2,393.93,258.54,49.23000000000002,77.77999999999997,1,-1,-1,-1
341,3,134.21,132.1,58.44,80.6,1,-1,-1,-1
342,1,621.2,60.32,86.89999999999998,130.38,1,-1,-1,-1
342,2,390.91,258.6,49.22999999999996,77.76999999999998,1,-1,-1,-1
342,3,136.59,131.89,58.44,80.60000000000002,1,-1,-1,-1
343,1,624.57,52.98,85.50999999999999,130.62,1,-1,-1,-1
343,2,387.88,258.65,49.24000000000001,77.78000000000003,1,-1,-1,-1
343,3,138.96,131.67,58.44,80.60000000000002,1,-1,-1,-1
344,1,627.94,45.64,84.13,130.86,1,-1,-1,-1
344,2,384.86,258.7,49.22999999999996,77.78000000000003,1,-1,-1,-1
344,3,141.34,131.46,58.44,80.6,1,-1,-1,-1
345,1,631.31,38.3,82.74000000000001,131.10000000000002,1,-1,-1,-1
345,2,381.84,258.76,49.23000000000002,77.78000000000003,1,-1,-1,-1
345,3,143.71,131.24,58.44,80.6,1,-1,-1,-1
346,1,634.68,30.96,81.35000000000002,131.34,1,-1,-1,-1
346,2,378.82,258.81,49.23000000000002,77.77999999999997,1,-1,-1,-1
346,3,146.09,131.02,58.44,80.60999999999999,1,-1,-1,-1
347,1,638.05,23.62,79.97000000000003,131.57999999999998,1,-1,-1,-1
347,2,375.79,258.87,49.23999999999995,77.76999999999998,1,-1,-1,-1
347,3,148.46,130.81,58.44,80.6,1,-1,-1,-1
348,1,641.42,16.28,78.58000000000004,131.82,1,-1,-1,-1
348,2,372.77,258.92,49.23000000000002,77.77999999999997,1,-1,-1,-1
348,3,150.84,130.59,58.44,80.6,1,-1,-1,-1
349,1,641.42,16.28,78.58000000000004,131.82,1,-1,-1,-1
349,2,370.8,259.92,49.24000000000001,77.77999999999997,1,-1,-1,-1
349,3,157.32,128.61,59.73000000000002,81.39999999999998,1,-1,-1,-1
350,1,641.42,16.28,78.58000000000004,131.82,1,-1,-1,-1
350,2,368.84,260.93,49.23000000000002,77.76999999999998,1,-1,-1,-1
350,3,163.8,126.62,61.03,82.19999999999999,1,-1,-1,-1
351,1,641.42,16.28,78.58000000000004,131.82,1,-1,-1,-1
351,2,366.87,261.93,49.23000000000002,77.77999999999997,1,-1,-1,-1
351,3,170.27,124.64,62.329999999999984,82.99,1,-1,-1,-1
352,2,364.9,262.93,49.24000000000001,77.77999999999997,1,-1,-1,-1
352,3,176.75,122.65,63.629999999999995,83.78999999999999,1,-1,-1,-1
353,2,362.94,263.93,49.23000000000002,77.77999999999997,1,-1,-1,-1
353,3,183.23,120.67,64.92000000000002,84.58999999999999,1,-1,-1,-1
354,2,360.97,264.94,49.22999999999996,77.78000000000003,1,-1,-1,-1
354,3,189.71,118.68,66.22,85.38999999999999,1,-1,-1,-1
355,2,359.0,265.94,49.24000000000001,77.78000000000003,1,-1,-1,-1
355,3,196.18,116.7,67.51999999999998,86.17999999999999,1,-1,-1,-1
356,2,354.87,264.77,49.23000000000002,77.78000000000003,1,-1,-1,-1
356,3,202.66,116.44,66.00000000000003,85.25,1,-1,-1,-1
357,2,350.73,263.6,49.22999999999996,77.77999999999997,1,-1,-1,-1
357,3,209.14,116.18,64.49000000000001,84.32,1,-1,-1,-1
358,2,346.59,262.43,49.23000000000002,77.77999999999997,1,-1,-1,-1
358,3,215.62,115.93,62.96999999999997,83.38999999999999,1,-1,-1,-1
359,2,342.45,261.26,49.23000000000002,77.78000000000003,1,-1,-1,-1
359,3,222.1,115.67,61.46000000000001,82.46,1,-1,-1,-1
360,3,228.57,115.41,59.94999999999999,81.53,1,-1,-1,-1
361,3,235.05,115.15,58.44,80.6,1,-1,-1,-1
362,3,239.26,113.4,60.210000000000036,84.28999999999999,1,-1,-1,-1
363,3,243.47,111.64,61.97,87.99,1,-1,-1,-1
364,3,247.68,109.89,63.74000000000001,91.67,1,-1,-1,-1
365,3,251.89,108.14,65.50999999999999,95.36,1,-1,-1,-1
366,3,255.75,106.38,65.50999999999999,95.37,1,-1,-1,-1
367,3,259.61,104.63,65.50999999999999,95.36000000000001,1,-1,-1,-1
368,3,263.47,103.05,65.50999999999999,95.36,1,-1,-1,-1
369,3,267.33,101.47,65.50999999999999,95.36000000000001,1,-1,-1,-1
370,3,271.19,99.89,65.50999999999999,95.36,1,-1,-1,-1
371,3,275.05,98.31,65.50999999999999,95.37,1,-1,-1,-1
372,3,278.56,96.56,65.50999999999999,95.35999999999999,1,-1,-1,-1
373,3,282.07,94.8,65.50999999999999,95.36999999999999,1,-1,-1,-1
374,3,285.58,93.05,65.50999999999999,95.36,1,-1,-1,-1
375,3,289.09,91.29,65.51000000000005,95.36999999999999,1,-1,-1,-1
376,3,292.6,89.54,65.5,95.36,1,-1,-1,-1
377,3,296.11,87.79,65.5,95.36,1,-1,-1,-1
378,3,299.62,86.03,65.5,95.37,1,-1,-1,-1
379,3,303.12,84.28,65.50999999999999,95.35999999999999,1,-1,-1,-1
380,2,194.05,273.89,49.23999999999998,77.78000000000003,1,-1,-1,-1
380,3,311.08,84.28,65.5,95.35999999999999,1,-1,-1,-1
381,2,185.16,270.62,49.24000000000001,77.77999999999997,1,-1,-1,-1
381,3,319.03,84.28,65.51000000000005,95.35999999999999,1,-1,-1,-1
382,2,176.27,267.34,49.23999999999998,77.78000000000003,1,-1,-1,-1
382,3,326.99,84.28,65.5,95.35999999999999,1,-1,-1,-1
383,2,167.38,264.07,49.24000000000001,77.78000000000003,1,-1,-1,-1
383,3,334.24,83.57,65.5,95.37,1,-1,-1,-1
384,2,158.5,260.79,49.22999999999999,77.77999999999997,1,-1,-1,-1
384,3,341.49,82.87,65.5,95.37,1,-1,-1,-1
385,2,149.61,257.52,49.22999999999999,77.78000000000003,1,-1,-1,-1
385,3,348.74,82.17,65.50999999999999,95.36999999999999,1,-1,-1,-1
386,2,143.99,252.84,49.23999999999998,77.78,1,-1,-1,-1
386,3,358.92,81.29,65.5,95.36999999999999,1,-1,-1,-1
387,2,138.38,248.16,49.23000000000002,77.78,1,-1,-1,-1
387,3,369.09,80.42,65.51000000000005,95.36,1,-1,-1,-1
388,2,132.76,243.48,49.24000000000001,77.78,1,-1,-1,-1
388,3,379.27,79.54,65.5,95.36,1,-1,-1,-1
389,2,129.96,236.46,49.22999999999999,77.78,1,-1,-1,-1
389,3,389.44,78.66,65.50999999999999,95.37,1,-1,-1,-1
390,2,127.15,229.45,49.22999999999999,77.77000000000004,1,-1,-1,-1
390,3,394.92,78.24,65.91999999999996,95.37000000000002,1,-1,-1,-1
391,2,124.34,222.43,49.22999999999999,77.77999999999997,1,-1,-1,-1
391,3,400.39,77.82,66.34000000000003,95.36000000000001,1,-1,-1,-1
392,2,119.66,213.77,49.24000000000001,77.78,1,-1,-1,-1
392,3,405.86,77.4,66.75999999999999,95.35999999999999,1,-1,-1,-1
393,2,114.99,205.12,49.230000000000004,77.77999999999997,1,-1,-1,-1
393,3,411.34,76.98,67.17000000000002,95.36,1,-1,-1,-1
394,2,110.31,196.46,49.22999999999999,77.78,1,-1,-1,-1
394,3,416.81,76.56,67.58999999999997,95.35999999999999,1,-1,-1,-1
395,2,107.15,189.45,49.22999999999999,77.77000000000004,1,-1,-1,-1
395,3,419.09,76.56,68.82000000000005,96.41,1,-1,-1,-1
396,2,103.99,182.43,49.230000000000004,77.77999999999997,1,-1,-1,-1
396,3,421.37,76.56,70.04000000000002,97.44999999999999,1,-1,-1,-1
397,2,100.83,175.41,49.239999999999995,77.78,1,-1,-1,-1
397,3,423.65,76.56,71.27000000000004,98.5,1,-1,-1,-1
398,2,97.67,168.39,49.239999999999995,77.78,1,-1,-1,-1
398,3,425.94,76.56,72.48000000000002,99.53999999999999,1,-1,-1,-1
399,2,94.45,164.6,49.230000000000004,77.78,1,-1,-1,-1
399,3,427.14,77.26,72.49000000000001,99.54,1,-1,-1,-1
400,2,91.22,160.81,49.22999999999999,77.78,1,-1,-1,-1
400,3,428.34,77.96,72.49000000000001,99.54,1,-1,-1,-1
401,2,87.99,157.02,49.230000000000004,77.78,1,-1,-1,-1
401,3,429.54,78.66,72.48999999999995,99.55000000000001,1,-1,-1,-1
402,2,84.76,153.23,49.239999999999995,77.78,1,-1,-1,-1
402,3,430.75,79.36,72.48000000000002,99.55,1,-1,-1,-1
403,2,81.53,149.45,49.24000000000001,77.77000000000001,1,-1,-1,-1
403,3,431.95,80.07,72.49000000000001,99.54000000000002,1,-1,-1,-1
404,2,79.19,147.81,49.24000000000001,77.78,1,-1,-1,-1
404,3,433.15,80.77,72.49000000000001,99.54,1,-1,-1,-1
405,2,76.86,146.17,49.230000000000004,77.78,1,-1,-1,-1
405,3,434.36,81.47,72.47999999999996,99.53999999999999,1,-1,-1,-1
406,2,74.52,144.53,49.230000000000004,77.78,1,-1,-1,-1
406,3,434.92,81.61,72.47999999999996,99.54,1,-1,-1,-1
407,2,73.45,143.3,49.230000000000004,77.78,1,-1,-1,-1
407,3,435.48,81.75,72.49000000000001,99.53999999999999,1,-1,-1,-1
408,2,72.38,142.07,49.230000000000004,77.78,1,-1,-1,-1
408,3,436.04,81.89,72.48999999999995,99.54,1,-1,-1,-1
409,2,71.31,140.84,49.230000000000004,77.78,1,-1,-1,-1
409,3,436.6,82.03,72.48999999999995,99.53999999999999,1,-1,-1,-1
410,2,70.24,139.61,49.230000000000004,77.77999999999997,1,-1,-1,-1
410,3,437.16,82.17,72.48999999999995,99.55,1,-1,-1,-1
411,2,69.17,138.38,49.230000000000004,77.78,1,-1,-1,-1
411,3,437.72,82.31,72.48999999999995,99.55000000000001,1,-1,-1,-1
412,2,71.07,136.69,49.230000000000004,77.78,1,-1,-1,-1
412,3,438.28,82.45,72.49000000000001,99.55,1,-1,-1,-1
413,2,72.96,135.0,49.24000000000001,77.78,1,-1,-1,-1
413,3,438.85,82.59,72.47999999999996,99.54999999999998,1,-1,-1,-1
414,2,74.86,133.32,49.230000000000004,77.78,1,-1,-1,-1
414,3,439.41,82.73,72.47999999999996,99.55,1,-1,-1,-1
415,2,76.76,131.63,49.22999999999999,77.78,1,-1,-1,-1
415,3,439.97,82.87,72.49000000000001,99.54999999999998,1,-1,-1,-1
416,2,78.65,129.94,49.239999999999995,77.78,1,-1,-1,-1
416,3,441.72,82.87,72.49000000000001,99.54999999999998,1,-1,-1,-1
417,2,80.55,128.26,49.230000000000004,77.77000000000001,1,-1,-1,-1
417,3,443.48,82.87,72.49000000000001,99.54999999999998,1,-1,-1,-1
418,2,82.45,126.57,49.230000000000004,77.78,1,-1,-1,-1
418,3,445.23,82.87,72.49000000000001,99.54999999999998,1,-1,-1,-1
419,2,84.34,124.88,49.22999999999999,77.78,1,-1,-1,-1
419,3,446.99,82.87,72.48000000000002,99.54999999999998,1,-1,-1,-1
420,2,85.55,124.31,49.81000000000002,78.22999999999999,1,-1,-1,-1
420,3,446.28,84.86,72.49000000000001,99.55,1,-1,-1,-1
421,2,86.77,123.73,50.36999999999999,78.67999999999999,1,-1,-1,-1
421,3,445.58,86.85,72.49000000000007,99.53999999999999,1,-1,-1,-1
422,2,87.98,123.16,50.95,79.13,1,-1,-1,-1
422,3,444.88,88.84,72.49000000000001,99.53999999999999,1,-1,-1,-1
423,2,89.19,122.59,51.52000000000001,79.57999999999998,1,-1,-1,-1
423,3,444.18,90.83,72.48999999999995,99.54,1,-1,-1,-1
424,2,90.4,122.01,52.099999999999994,80.02999999999999,1,-1,-1,-1
425,2,91.61,121.44,52.67,80.47999999999999,1,-1,-1,-1
426,2,92.83,120.86,53.230000000000004,80.92999999999999,1,-1,-1,-1
427,2,94.04,120.29,53.80999999999999,81.37999999999998,1,-1,-1,-1
428,2,95.25,119.72,54.379999999999995,81.83000000000001,1,-1,-1,-1
429,2,96.46,119.14,54.959999999999994,82.27999999999999,1,-1,-1,-1
430,2,97.68,118.57,55.51999999999998,82.73000000000002,1,-1,-1,-1
431,2,98.61,117.75,56.22000000000001,83.78,1,-1,-1,-1
432,2,99.55,116.93,56.92,84.84,1,-1,-1,-1
433,2,100.48,116.11,57.61999999999999,85.89,1,-1,-1,-1
434,2,101.42,115.29,58.30999999999999,86.93999999999998,1,-1,-1,-1
435,2,102.35,114.47,59.02000000000001,88.0,1,-1,-1,-1
436,2,103.29,113.65,59.709999999999994,89.04999999999998,1,-1,-1,-1
437,2,104.97,111.41,60.129999999999995,89.19,1,-1,-1,-1
438,2,106.66,109.16,60.53999999999999,89.34,1,-1,-1,-1
439,2,108.34,106.92,60.96000000000001,89.48,1,-1,-1,-1
440,2,110.03,104.67,61.370000000000005,89.63000000000001,1,-1,-1,-1
441,2,111.71,102.43,61.790000000000006,89.76999999999998,1,-1,-1,-1
442,2,115.06,99.93,62.25999999999999,91.57,1,-1,-1,-1
443,2,118.42,97.44,62.719999999999985,93.36000000000001,1,-1,-1,-1
444,2,121.77,94.94,63.2,95.16,1,-1,-1,-1
445,2,125.12,92.44,63.66999999999999,96.96000000000001,1,-1,-1,-1
446,2,128.48,89.95,64.13000000000002,98.74999999999999,1,-1,-1,-1
447,2,131.83,87.45,64.6,100.55,1,-1,-1,-1
448,2,135.18,84.96,65.07999999999998,102.34000000000002,1,-1,-1,-1
449,2,138.53,82.46,65.55000000000001,104.14,1,-1,-1,-1
450,2,141.89,79.97,66.01000000000002,105.93,1,-1,-1,-1
451,2,150.08,79.74,66.00999999999999,105.92999999999999,1,-1,-1,-1
452,2,158.26,79.5,66.02000000000001,105.93,1,-1,-1,-1
453,2,166.45,79.27,66.01000000000002,105.92999999999999,1,-1,-1,-1
454,2,174.87,80.9,66.00999999999999,105.94,1,-1,-1,-1
455,2,183.29,82.54,66.02000000000001,105.92999999999999,1,-1,-1,-1
456,2,191.71,84.18,66.02000000000001,105.93,1,-1,-1,-1
457,2,205.98,81.37,66.02000000000001,105.93,1,-1,-1,-1
458,2,220.25,78.57,66.01999999999998,105.93,1,-1,-1,-1
459,2,234.52,75.76,66.02000000000001,105.92999999999999,1,-1,-1,-1
459,3,404.88,107.44,72.49000000000001,99.53999999999999,1,-1,-1,-1
460,2,247.86,72.95,66.00999999999999,105.92999999999999,1,-1,-1,-1
460,3,396.81,107.09,72.49000000000001,99.53999999999999,1,-1,-1,-1
461,2,261.19,70.14,66.00999999999999,105.92999999999999,1,-1,-1,-1
461,3,388.74,106.74,72.49000000000001,99.54,1,-1,-1,-1
462,2,272.42,68.74,66.00999999999999,105.92999999999999,1,-1,-1,-1
462,3,383.83,109.19,72.49000000000001,99.53999999999999,1,-1,-1,-1
463,2,283.65,67.34,66.01000000000005,105.93,1,-1,-1,-1
463,3,378.92,111.65,72.47999999999996,99.53999999999999,1,-1,-1,-1
464,2,291.23,67.34,66.00999999999999,105.93,1,-1,-1,-1
464,3,378.57,113.99,69.80000000000001,96.85000000000001,1,-1,-1,-1
465,2,298.81,67.34,66.00999999999999,105.93,1,-1,-1,-1
465,3,378.21,116.33,67.13,94.16000000000001,1,-1,-1,-1
466,2,306.39,67.34,66.00999999999999,105.93,1,-1,-1,-1
466,3,377.86,118.67,64.44,91.46999999999998,1,-1,-1,-1
467,2,313.96,67.34,66.02000000000004,105.93,1,-1,-1,-1
467,3,377.51,121.02,61.75999999999999,88.77,1,-1,-1,-1
468,2,321.54,67.34,66.01999999999998,105.93,1,-1,-1,-1
468,3,377.16,123.36,59.079999999999984,86.08,1,-1,-1,-1
469,2,332.77,65.2,63.23000000000002,101.05,1,-1,-1,-1
469,3,376.81,125.7,56.39999999999998,83.39,1,-1,-1,-1
470,2,338.62,64.5,63.23000000000002,101.05000000000001,1,-1,-1,-1
470,3,376.81,125.7,56.39999999999998,83.39,1,-1,-1,-1
471,2,344.47,63.8,63.22999999999996,101.05,1,-1,-1,-1
471,3,376.81,125.7,56.39999999999998,83.39,1,-1,-1,-1
472,2,350.32,63.09,63.22000000000003,101.04999999999998,1,-1,-1,-1
473,2,353.8,67.3,66.01999999999998,96.85000000000001,1,-1,-1,-1
474,2,359.24,67.3,66.01999999999998,96.85000000000001,1,-1,-1,-1
475,2,364.68,67.3,66.00999999999999,96.85000000000001,1,-1,-1,-1
476,2,370.12,67.3,66.00999999999999,96.85000000000001,1,-1,-1,-1
477,2,375.55,67.3,66.01999999999998,96.85000000000001,1,-1,-1,-1
478,2,383.27,67.3,66.02000000000004,96.85000000000001,1,-1,-1,-1
479,2,390.99,67.3,66.01999999999998,96.85000000000001,1,-1,-1,-1
480,2,399.06,69.41,66.01999999999998,96.84,1,-1,-1,-1
481,2,407.14,71.51,66.00999999999999,96.85000000000001,1,-1,-1,-1
481,3,325.58,126.4,56.400000000000034,83.38999999999999,1,-1,-1,-1
482,2,416.26,71.98,66.94999999999999,96.83999999999999,1,-1,-1,-1
482,3,320.43,127.45,56.39999999999998,83.39,1,-1,-1,-1
483,2,425.38,72.45,67.88999999999999,96.83999999999999,1,-1,-1,-1
483,3,315.29,128.51,56.389999999999986,83.38,1,-1,-1,-1
484,2,434.5,72.92,68.82999999999998,96.83999999999999,1,-1,-1,-1
484,3,310.14,129.56,56.400000000000034,83.38999999999999,1,-1,-1,-1
485,2,439.41,68.71,73.79000000000002,101.79,1,-1,-1,-1
485,3,305.0,130.61,56.389999999999986,83.38999999999999,1,-1,-1,-1
486,2,452.76,65.9,76.93000000000006,105.29999999999998,1,-1,-1,-1
486,3,299.85,131.67,56.39999999999998,83.38000000000002,1,-1,-1,-1
487,2,466.1,63.1,80.07999999999993,108.80000000000001,1,-1,-1,-1
487,3,294.7,132.72,56.400000000000034,83.39000000000001,1,-1,-1,-1
